40.437,-3.73128
40.437,-3.73127
40.437,-3.73127
40.437,-3.73127
40.437,-3.73127
40.437,-3.73127
40.437,-3.73126
40.437,-3.73126
40.437,-3.73126
40.437,-3.73126
40.437,-3.73126
40.437,-3.73126
40.437,-3.73126
40.437,-3.73126
40.437,-3.73126
40.437,-3.73126
40.437,-3.73126
40.437,-3.73126
40.437,-3.73126
40.437,-3.73126
40.437,-3.73127
40.437,-3.73127
40.437,-3.73127
40.437,-3.73127
40.437,-3.73128
40.437,-3.73128
40.437,-3.73128
40.437,-3.73128
40.437,-3.73128
40.437,-3.73128
40.437,-3.73129
40.437,-3.73129
40.437,-3.73129
40.437,-3.73129
40.437,-3.73129
40.437,-3.73129
40.437,-3.73129
40.437,-3.73129
40.437,-3.73129
40.437,-3.73129
40.437,-3.7313
40.437,-3.7313
40.437,-3.7313
40.437,-3.7313
40.437,-3.73129
40.437,-3.73129
40.437,-3.73129
40.437,-3.73129
40.437,-3.73129
40.437,-3.73129
40.437,-3.73129
40.437,-3.73129
40.437,-3.73129
40.437,-3.73129
40.437,-3.7313
40.437,-3.7313
40.437,-3.7313
40.437,-3.7313
40.437,-3.7313
40.437,-3.7313
40.437,-3.7313
40.437,-3.7313
40.437,-3.7313
40.437,-3.7313
40.437,-3.73131
40.437,-3.73131
40.437,-3.73131
40.437,-3.73131
40.437,-3.73131
40.437,-3.73131
40.437,-3.73131
40.437,-3.73131
40.437,-3.73131
40.437,-3.73131
40.437,-3.73131
40.437,-3.73131
40.437,-3.73131
40.437,-3.73131
40.437,-3.73131
40.437,-3.73131
40.437,-3.73131
40.437,-3.73131
40.437,-3.73132
40.437,-3.73132
40.437,-3.73132
40.437,-3.73132
40.437,-3.73132
40.437,-3.73132
40.4371,-3.73132
40.4371,-3.73132
40.4371,-3.73132
40.4371,-3.73132
40.4371,-3.73132
40.4371,-3.73132
40.4371,-3.73132
40.4371,-3.73132
40.4371,-3.73132
40.4371,-3.73132
40.4371,-3.73132
40.4371,-3.73132
40.4371,-3.73132
40.4371,-3.73133
40.4371,-3.73133
40.4371,-3.73133
40.4371,-3.73133
40.4371,-3.73133
40.4371,-3.73133
40.4371,-3.73133
40.4371,-3.73133
40.4371,-3.73133
40.4371,-3.73133
40.4371,-3.73134
40.4371,-3.73134
40.4371,-3.73134
40.4371,-3.73134
40.4371,-3.73134
40.4371,-3.73134
40.4371,-3.73134
40.4371,-3.73134
40.4371,-3.73134
40.4371,-3.73135
40.4371,-3.73135
40.4371,-3.73135
40.4371,-3.73135
40.4371,-3.73135
40.4371,-3.73135
40.4371,-3.73135
40.4371,-3.73135
40.4371,-3.73135
40.4371,-3.73135
40.4371,-3.73135
40.4372,-3.73135
40.4372,-3.73136
40.4372,-3.73136
40.4372,-3.73136
40.4372,-3.73136
40.4372,-3.73136
40.4372,-3.73136
40.4372,-3.73136
40.4372,-3.73136
40.4372,-3.73136
40.4372,-3.73136
40.4372,-3.73136
40.4372,-3.73136
40.4372,-3.73136
40.4372,-3.73136
40.4372,-3.73136
40.4372,-3.73137
40.4372,-3.73137
40.4372,-3.73137
40.4372,-3.73137
40.4372,-3.73137
40.4372,-3.73137
40.4372,-3.73137
40.4372,-3.73137
40.4372,-3.73137
40.4372,-3.73138
40.4372,-3.73138
40.4372,-3.73137
40.4372,-3.73137
40.4372,-3.73137
40.4372,-3.73138
40.4372,-3.73138
40.4372,-3.73138
40.4372,-3.73138
40.4372,-3.73138
40.4372,-3.73138
40.4372,-3.73138
40.4372,-3.73138
40.4372,-3.73138
40.4373,-3.73138
40.4373,-3.73138
40.4373,-3.73139
40.4373,-3.73139
40.4373,-3.73139
40.4373,-3.73139
40.4373,-3.73139
40.4373,-3.73139
40.4373,-3.73138
40.4373,-3.73138
40.4373,-3.73138
40.4373,-3.73138
40.4373,-3.73138
40.4373,-3.73138
40.4373,-3.73138
40.4373,-3.73138
40.4373,-3.73138
40.4373,-3.73138
40.4373,-3.73138
40.4373,-3.73139
40.4373,-3.73139
40.4373,-3.73139
40.4373,-3.73139
40.4373,-3.73139
40.4373,-3.73138
40.4373,-3.73138
40.4373,-3.73138
40.4373,-3.73138
40.4373,-3.73138
40.4373,-3.73138
40.4373,-3.73139
40.4373,-3.73139
40.4373,-3.73139
40.4373,-3.73139
40.4373,-3.73139
40.4373,-3.73139
40.4373,-3.73139
40.4373,-3.73139
40.4373,-3.73139
40.4373,-3.73139
40.4373,-3.73139
40.4373,-3.73139
40.4373,-3.73139
40.4373,-3.73139
40.4373,-3.73139
40.4373,-3.73139
40.4373,-3.73139
40.4373,-3.73139
40.4373,-3.73139
40.4373,-3.73139
40.4373,-3.73138
40.4373,-3.73138
40.4373,-3.73138
40.4373,-3.73138
40.4373,-3.73138
40.4373,-3.73137
40.4373,-3.73137
40.4372,-3.73137
40.4372,-3.73137
40.4372,-3.73137
40.4372,-3.73136
40.4372,-3.73136
40.4372,-3.73136
40.4372,-3.73136
40.4372,-3.73136
40.4372,-3.73136
40.4372,-3.73136
40.4372,-3.73136
40.4372,-3.73136
40.4372,-3.73136
40.4372,-3.73135
40.4372,-3.73135
40.4372,-3.73135
40.4372,-3.73135
40.4372,-3.73135
40.4372,-3.73135
40.4372,-3.73135
40.4372,-3.73135
40.4372,-3.73134
40.4372,-3.73134
40.4372,-3.73134
40.4372,-3.73134
40.4372,-3.73134
40.4372,-3.73133
40.4372,-3.73133
40.4372,-3.73133
40.4372,-3.73133
40.4372,-3.73133
40.4372,-3.73133
40.4372,-3.73133
40.4372,-3.73133
40.4372,-3.73133
40.4372,-3.73133
40.4372,-3.73133
40.4372,-3.73133
40.4372,-3.73132
40.4372,-3.73132
40.4372,-3.73132
40.4372,-3.73132
40.4372,-3.73132
40.4372,-3.73132
40.4372,-3.73132
40.4372,-3.73132
40.4372,-3.73132
40.4372,-3.73131
40.4372,-3.73131
40.4372,-3.73131
40.4372,-3.73131
40.4371,-3.73131
40.4371,-3.73131
40.4371,-3.73131
40.4371,-3.73131
40.4371,-3.73131
40.4371,-3.7313
40.4371,-3.7313
40.4371,-3.7313
40.4371,-3.73131
40.4371,-3.73131
40.4371,-3.7313
40.4371,-3.7313
40.4371,-3.7313
40.4371,-3.7313
40.4371,-3.7313
40.4371,-3.7313
40.4371,-3.73129
40.4371,-3.73129
40.4371,-3.73129
40.4371,-3.73129
40.4371,-3.73129
40.4371,-3.73128
40.4371,-3.73128
40.4371,-3.73128
40.4371,-3.73128
40.4371,-3.73128
40.4371,-3.73128
40.4371,-3.73128
40.4371,-3.73128
40.4371,-3.73128
40.4371,-3.73128
40.4371,-3.73128
40.4371,-3.73128
40.4371,-3.73128
40.4371,-3.73128
40.4371,-3.73128
40.4371,-3.73128
40.4371,-3.73128
40.4371,-3.73128
40.4371,-3.73128
40.4371,-3.73128
40.4371,-3.73128
40.4371,-3.73128
40.4371,-3.73128
40.4371,-3.73128
40.4371,-3.73128
40.4371,-3.73128
40.437,-3.73127
40.437,-3.73127
40.437,-3.73127
40.437,-3.73127
40.437,-3.73127
40.437,-3.73127
40.437,-3.73127
40.437,-3.73127
40.437,-3.73127
40.437,-3.73127
40.437,-3.73127
40.437,-3.73127
40.437,-3.73127
40.437,-3.73126
40.437,-3.73126
40.437,-3.73126
40.437,-3.73126
40.437,-3.73126
40.437,-3.73125
40.437,-3.73125
40.437,-3.73125
40.437,-3.73125
40.437,-3.73125
40.437,-3.73125
40.437,-3.73124
40.437,-3.73124
40.437,-3.73124
40.437,-3.73124
40.437,-3.73124
40.437,-3.73124
40.437,-3.73124
40.437,-3.73124
40.437,-3.73124
40.437,-3.73124
40.437,-3.73124
40.437,-3.73124
40.437,-3.73124
40.437,-3.73124
40.437,-3.73124
40.437,-3.73124
40.437,-3.73124
40.437,-3.73124
40.437,-3.73124
40.437,-3.73124
40.437,-3.73124
40.437,-3.73124
40.437,-3.73124
40.437,-3.73124
40.437,-3.73124
40.437,-3.73124
40.437,-3.73124
40.437,-3.73124
40.437,-3.73124
40.437,-3.73125
40.437,-3.73125
40.437,-3.73125
40.437,-3.73124
40.437,-3.73125
40.437,-3.73125
40.437,-3.73126
40.437,-3.73126
40.437,-3.73126
40.437,-3.73126
40.437,-3.73126
40.437,-3.73126
40.437,-3.73126
40.437,-3.73126
40.437,-3.73126
40.437,-3.73126
40.437,-3.73127
40.437,-3.73127
40.437,-3.73127
40.437,-3.73126
40.437,-3.73126
40.437,-3.73126
40.437,-3.73126
40.437,-3.73126
40.437,-3.73126
40.437,-3.73126
40.437,-3.73127
40.437,-3.73127
40.437,-3.73127
40.437,-3.73127
40.437,-3.73128
40.437,-3.73128
40.437,-3.73128
40.437,-3.73128
40.437,-3.73128
40.437,-3.73128
40.437,-3.73127
40.437,-3.73127
40.437,-3.73127
40.437,-3.73128
40.437,-3.73128
40.437,-3.73128
40.437,-3.73128
40.437,-3.73128
40.437,-3.73127
40.437,-3.73127
40.437,-3.73127
40.437,-3.73127
40.437,-3.73127
40.437,-3.73128
40.437,-3.73128
40.437,-3.73128
40.437,-3.73128
40.437,-3.73128
40.437,-3.73128
40.437,-3.73128
40.437,-3.73129
40.437,-3.73129
40.437,-3.73129
40.437,-3.73129
40.437,-3.73129
40.437,-3.7313
40.437,-3.7313
40.437,-3.7313
40.437,-3.73131
40.437,-3.73131
40.437,-3.73131
40.437,-3.73131
40.437,-3.73131
40.437,-3.73131
40.437,-3.73131
40.437,-3.73131
40.437,-3.73131
40.437,-3.73131
40.437,-3.73131
40.437,-3.7313
40.437,-3.7313
40.437,-3.73131
40.437,-3.7313
40.437,-3.7313
40.437,-3.7313
40.437,-3.7313
40.437,-3.7313
40.437,-3.7313
40.437,-3.7313
40.437,-3.73129
40.4371,-3.73129
40.4371,-3.73129
40.4371,-3.73129
40.4371,-3.73128
40.4371,-3.73128
40.4371,-3.73128
40.4371,-3.73128
40.4371,-3.73128
40.4371,-3.73128
40.4371,-3.73128
40.4371,-3.73128
40.4371,-3.73128
40.437,-3.73127
40.437,-3.73127
40.437,-3.73127
40.437,-3.73127
40.437,-3.73127
40.437,-3.73127
40.437,-3.73127
40.437,-3.73127
40.437,-3.73126
40.437,-3.73126
40.437,-3.73126
40.437,-3.73126
40.437,-3.73126
40.437,-3.73125
40.437,-3.73125
40.437,-3.73125
40.437,-3.73125
40.437,-3.73125
40.437,-3.73125
40.437,-3.73125
40.437,-3.73126
40.437,-3.73126
40.437,-3.73126
40.437,-3.73126
40.437,-3.73126
40.437,-3.73126
40.437,-3.73127
40.437,-3.73127
40.437,-3.73127
40.437,-3.73127
40.437,-3.73127
40.437,-3.73127
40.437,-3.73127
40.437,-3.73127
40.437,-3.73127
40.437,-3.73127
40.437,-3.73128
40.437,-3.73128
40.437,-3.73128
40.437,-3.73129
40.437,-3.73129
40.437,-3.73129
40.437,-3.73129
40.437,-3.73129
40.437,-3.7313
40.437,-3.7313
40.437,-3.7313
40.437,-3.7313
40.437,-3.7313
40.437,-3.7313
40.437,-3.7313
40.437,-3.7313
40.437,-3.7313
40.437,-3.7313
40.437,-3.7313
40.437,-3.7313
40.437,-3.7313
40.437,-3.7313
40.437,-3.7313
40.437,-3.7313
40.437,-3.7313
40.437,-3.73131
40.437,-3.73131
40.437,-3.73131
40.437,-3.73131
40.437,-3.73132
40.437,-3.73132
40.437,-3.73132
40.437,-3.73132
40.437,-3.73133
40.437,-3.73133
40.437,-3.73133
40.437,-3.73133
40.437,-3.73133
40.437,-3.73134
40.437,-3.73134
40.437,-3.73134
40.437,-3.73134
40.437,-3.73134
40.437,-3.73134
40.437,-3.73134
40.437,-3.73134
40.437,-3.73134
40.437,-3.73134
40.437,-3.73134
40.437,-3.73134
40.437,-3.73134
40.437,-3.73134
40.437,-3.73134
40.437,-3.73134
40.437,-3.73134
40.437,-3.73134
40.437,-3.73134
40.437,-3.73134
40.437,-3.73134
40.437,-3.73134
40.437,-3.73134
40.437,-3.73134
40.437,-3.73134
40.437,-3.73134
40.437,-3.73134
40.437,-3.73134
40.437,-3.73134
40.437,-3.73134
40.437,-3.73134
40.437,-3.73134
40.437,-3.73134
40.437,-3.73134
40.437,-3.73134
40.437,-3.73134
40.437,-3.73134
40.437,-3.73134
40.437,-3.73134
40.437,-3.73134
40.437,-3.73134
40.437,-3.73134
40.437,-3.73134
40.437,-3.73134
40.437,-3.73134
40.437,-3.73134
40.437,-3.73134
40.437,-3.73134
40.437,-3.73134
40.437,-3.73134
40.437,-3.73134
40.437,-3.73134
40.437,-3.73134
40.437,-3.73134
40.437,-3.73134
40.437,-3.73134
40.437,-3.73134
40.437,-3.73134
40.437,-3.73134
40.437,-3.73134
40.437,-3.73134
40.437,-3.73134
40.437,-3.73134
40.437,-3.73134
40.437,-3.73134
40.437,-3.73134
40.437,-3.73134
40.437,-3.73134
40.437,-3.73134
40.437,-3.73134
40.437,-3.73134
40.437,-3.73134
40.437,-3.73134
40.437,-3.73134
40.437,-3.73134
40.437,-3.73134
40.437,-3.73134
40.437,-3.73134
40.437,-3.73134
40.437,-3.73134
40.437,-3.73134
40.437,-3.73134
40.437,-3.73134
40.437,-3.73134
40.437,-3.73134
40.437,-3.73134
40.437,-3.73134
40.437,-3.73134
40.437,-3.73134
40.437,-3.73134
40.437,-3.73134
40.437,-3.73134
40.437,-3.73134
40.437,-3.73134
40.437,-3.73134
40.437,-3.73134
40.437,-3.73134
40.437,-3.73134
40.437,-3.73134
40.437,-3.73134
40.437,-3.73134
40.437,-3.73134
40.437,-3.73134
40.437,-3.73134
40.437,-3.73134
40.437,-3.73134
40.437,-3.73134
40.437,-3.73134
40.437,-3.73134
40.437,-3.73134
40.437,-3.73134
40.437,-3.73134
40.437,-3.73134
40.437,-3.73134
40.437,-3.73134
40.437,-3.73134
40.437,-3.73134
40.437,-3.73134
40.437,-3.73134
40.437,-3.73134
40.437,-3.73134
40.437,-3.73134
40.437,-3.73134
40.437,-3.73134
40.437,-3.73134
40.437,-3.73134
40.437,-3.73134
40.437,-3.73134
40.437,-3.73134
40.437,-3.73134
40.437,-3.73134
40.437,-3.73134
40.437,-3.73134
40.437,-3.73134
40.437,-3.73134
40.437,-3.73134
40.437,-3.73134
40.437,-3.73134
40.437,-3.73134
40.437,-3.73134
40.437,-3.73134
40.437,-3.73134
40.437,-3.73134
40.437,-3.73134
40.437,-3.73134
40.437,-3.73134
40.437,-3.73134
40.437,-3.73134
40.437,-3.73134
40.437,-3.73134
40.437,-3.73134
40.437,-3.73134
40.437,-3.73134
40.437,-3.73134
40.437,-3.73134
40.437,-3.73134
40.437,-3.73134
40.437,-3.73134
40.437,-3.73134
40.437,-3.73134
40.437,-3.73134
40.437,-3.73134
40.437,-3.73134
40.437,-3.73134
40.437,-3.73134
40.437,-3.73134
40.437,-3.73134
40.437,-3.73134
40.437,-3.73134
40.437,-3.73134
40.437,-3.73134
40.437,-3.73134
40.437,-3.73134
40.437,-3.73134
40.437,-3.73134
40.437,-3.73134
40.437,-3.73134
40.437,-3.73134
40.437,-3.73134
40.437,-3.73134
40.437,-3.73134
40.437,-3.73134
40.437,-3.73134
40.437,-3.73134
40.437,-3.73134
40.437,-3.73134
40.437,-3.73134
40.437,-3.73134
40.437,-3.73134
40.437,-3.73134
40.437,-3.73134
40.437,-3.73134
40.437,-3.73134
40.437,-3.73134
40.437,-3.73134
40.437,-3.73134
40.437,-3.73134
40.437,-3.73134
40.437,-3.73134
40.437,-3.73134
40.437,-3.73134
40.437,-3.73134
40.437,-3.73134
40.437,-3.73134
40.437,-3.73134
40.437,-3.73134
40.437,-3.73134
40.437,-3.73134
40.437,-3.73134
40.437,-3.73134
40.437,-3.73134
40.437,-3.73134
40.437,-3.73134
40.437,-3.73134
40.437,-3.73134
40.437,-3.73134
40.437,-3.73134
40.437,-3.73134
40.437,-3.73134
40.437,-3.73134
40.437,-3.73134
40.437,-3.73134
40.437,-3.73134
40.437,-3.73134
40.437,-3.73134
40.437,-3.73134
40.437,-3.73134
40.437,-3.73134
40.437,-3.73134
40.437,-3.73134
40.437,-3.73134
40.437,-3.73134
40.437,-3.73134
40.437,-3.73134
40.437,-3.73134
40.437,-3.73134
40.437,-3.73134
40.437,-3.73134
40.437,-3.73134
40.437,-3.73134
40.437,-3.73134
40.437,-3.73134
40.437,-3.73134
40.437,-3.73134
40.437,-3.73134
40.437,-3.73134
40.437,-3.73134
40.437,-3.73134
40.437,-3.73134
40.437,-3.73134
40.437,-3.73134
40.437,-3.73134
40.437,-3.73134
40.437,-3.73134
40.437,-3.73134
40.437,-3.73134
40.437,-3.73134
40.437,-3.73134
40.437,-3.73134
40.437,-3.73134
40.437,-3.73134
40.437,-3.73134
40.437,-3.73134
40.437,-3.73134
40.437,-3.73134
40.437,-3.73134
40.437,-3.73134
40.437,-3.73134
40.437,-3.73134
40.437,-3.73134
40.437,-3.73134
40.437,-3.73134
40.437,-3.73134
40.437,-3.73134
40.437,-3.73134
40.437,-3.73134
40.437,-3.73134
40.437,-3.73134
40.437,-3.73134
40.437,-3.73134
40.437,-3.73134
40.437,-3.73134
40.437,-3.73134
40.437,-3.73134
40.437,-3.73134
40.437,-3.73134
40.437,-3.73134
40.437,-3.73134
40.437,-3.73134
40.437,-3.73134
40.437,-3.73134
40.437,-3.73134
40.437,-3.73134
40.437,-3.73134
40.437,-3.73134
40.437,-3.73134
40.437,-3.73134
40.437,-3.73134
40.437,-3.73134
40.437,-3.73134
40.437,-3.73134
40.437,-3.73134
40.437,-3.73134
40.437,-3.73134
40.437,-3.73134
40.437,-3.73134
40.437,-3.73134
40.437,-3.73134
40.437,-3.73134
40.437,-3.73134
40.437,-3.73134
40.437,-3.73134
40.437,-3.73134
40.437,-3.73134
40.437,-3.73134
40.437,-3.73134
40.437,-3.73134
40.437,-3.73134
40.437,-3.73134
40.437,-3.73134
40.437,-3.73134
40.437,-3.73134
40.437,-3.73134
40.437,-3.73134
40.437,-3.73134
40.437,-3.73134
40.437,-3.73134
40.437,-3.73134
40.437,-3.73134
40.437,-3.73134
40.437,-3.73134
40.437,-3.73134
40.437,-3.73134
40.437,-3.73134
40.437,-3.73134
40.437,-3.73134
40.437,-3.73134
40.437,-3.73134
40.437,-3.73134
40.437,-3.73134
40.437,-3.73134
40.437,-3.73134
40.437,-3.73134
40.437,-3.73134
40.437,-3.73134
40.437,-3.73134
40.437,-3.73134
40.437,-3.73134
40.437,-3.73134
40.437,-3.73134
40.437,-3.73134
40.437,-3.73134
40.437,-3.73134
40.437,-3.73134
40.437,-3.73134
40.437,-3.73134
40.437,-3.73134
40.437,-3.73134
40.437,-3.73134
40.437,-3.73134
40.437,-3.73134
40.437,-3.73134
40.437,-3.73134
40.437,-3.73134
40.437,-3.73134
40.437,-3.73134
40.437,-3.73134
40.437,-3.73134
40.437,-3.73134
40.437,-3.73134
40.437,-3.73134
40.437,-3.73134
40.437,-3.73134
40.437,-3.73134
40.437,-3.73134
40.437,-3.73134
40.437,-3.73134
40.437,-3.73134
40.437,-3.73134
40.437,-3.73134
40.437,-3.73134
40.437,-3.73134
40.437,-3.73134
40.437,-3.73134
40.437,-3.73134
40.437,-3.73134
40.437,-3.73134
40.437,-3.73134
40.437,-3.73134
40.437,-3.73134
40.437,-3.73134
40.437,-3.73134
40.437,-3.73134
40.437,-3.73134
40.437,-3.73134
40.437,-3.73134
40.437,-3.73134
40.437,-3.73134
40.437,-3.73134
40.437,-3.73134
40.437,-3.73134
40.437,-3.73134
40.437,-3.73134
40.437,-3.73134
40.437,-3.73134
40.437,-3.73134
40.437,-3.73134
40.437,-3.73134
40.437,-3.73134
40.437,-3.73134
40.437,-3.73134
40.437,-3.73134
40.437,-3.73134
40.437,-3.73134
40.437,-3.73134
40.437,-3.73134
40.437,-3.73134
40.437,-3.73134
40.437,-3.73134
40.437,-3.73134
40.437,-3.73134
40.437,-3.73134
40.437,-3.73134
40.437,-3.73134
40.437,-3.73134
40.437,-3.73134
40.437,-3.73134
40.437,-3.73134
40.437,-3.73134
40.437,-3.73134
40.437,-3.73134
40.437,-3.73134
40.437,-3.73134
40.437,-3.73134
40.437,-3.73134
40.437,-3.73134
40.437,-3.73134
40.437,-3.73134
40.437,-3.73134
40.437,-3.73134
40.437,-3.73134
40.437,-3.73134
40.437,-3.73134
40.437,-3.73134
40.437,-3.73134
40.437,-3.73134
40.437,-3.73134
40.437,-3.73134
40.437,-3.73134
40.437,-3.73134
40.437,-3.73134
40.437,-3.73134
40.437,-3.73134
40.437,-3.73134
40.437,-3.73134
40.437,-3.73134
40.437,-3.73134
40.437,-3.73134
40.437,-3.73134
40.437,-3.73134
40.437,-3.73134
40.437,-3.73134
40.437,-3.73134
40.437,-3.73134
40.437,-3.73134
40.437,-3.73134
40.437,-3.73134
40.437,-3.73134
40.437,-3.73134
40.437,-3.73134
40.437,-3.73134
40.437,-3.73134
40.437,-3.73134
40.437,-3.73134
40.437,-3.73134
40.437,-3.73134
40.437,-3.73134
40.437,-3.73134
40.437,-3.73134
40.437,-3.73134
40.437,-3.73134
40.437,-3.73134
40.437,-3.73134
40.437,-3.73134
40.437,-3.73134
40.437,-3.73134
40.437,-3.73134
40.437,-3.73134
40.437,-3.73134
40.437,-3.73134
40.437,-3.73134
40.437,-3.73134
40.437,-3.73134
40.437,-3.73134
40.437,-3.73134
40.437,-3.73134
40.437,-3.73134
40.437,-3.73134
40.437,-3.73134
40.437,-3.73134
40.437,-3.73134
40.437,-3.73134
40.437,-3.73134
40.437,-3.73134
40.437,-3.73134
40.437,-3.73134
40.437,-3.73134
40.437,-3.73134
40.437,-3.73134
40.437,-3.73134
40.437,-3.73134
40.437,-3.73134
40.437,-3.73134
40.437,-3.73134
40.437,-3.73134
40.437,-3.73134
40.437,-3.73134
40.437,-3.73134
40.437,-3.73134
40.437,-3.73134
40.437,-3.73134
40.437,-3.73134
40.437,-3.73134
40.437,-3.73134
40.437,-3.73134
40.437,-3.73134
40.437,-3.73134
40.437,-3.73134
40.437,-3.73134
40.437,-3.73134
40.437,-3.73134
40.437,-3.73134
40.437,-3.73134
40.437,-3.73134
40.437,-3.73134
40.437,-3.73134
40.437,-3.73134
40.437,-3.73134
40.437,-3.73134
40.437,-3.73134
40.437,-3.73134
40.437,-3.73134
40.437,-3.73134
40.437,-3.73134
40.437,-3.73134
40.437,-3.73134
40.437,-3.73134
40.437,-3.73134
40.437,-3.73134
40.437,-3.73134
40.437,-3.73134
40.437,-3.73134
40.437,-3.73134
40.437,-3.73134
40.437,-3.73134
40.437,-3.73134
40.437,-3.73134
40.437,-3.73134
40.437,-3.73134
40.437,-3.73134
40.437,-3.73134
40.437,-3.73134
40.437,-3.73134
40.437,-3.73134
40.437,-3.73134
40.437,-3.73134
40.437,-3.73134
40.437,-3.73134
40.437,-3.73134
40.437,-3.73134
40.437,-3.73134
40.437,-3.73134
40.437,-3.73134
40.437,-3.73134
40.437,-3.73134
40.437,-3.73134
40.437,-3.73134
40.437,-3.73134
40.437,-3.73134
40.437,-3.73134
40.437,-3.73134
40.437,-3.73134
40.437,-3.73134
40.437,-3.73134
40.437,-3.73134
40.437,-3.73134
40.437,-3.73134
40.437,-3.73134
40.437,-3.73134
40.437,-3.73134
40.437,-3.73134
40.437,-3.73134
40.437,-3.73134
40.437,-3.73134
40.437,-3.73134
40.437,-3.73134
40.437,-3.73134
40.437,-3.73134
40.437,-3.73134
40.437,-3.73134
40.437,-3.73134
40.437,-3.73134
40.437,-3.73134
40.437,-3.73134
40.437,-3.73134
40.437,-3.73134
40.437,-3.73134
40.437,-3.73134
40.437,-3.73134
40.437,-3.73134
40.437,-3.73134
40.437,-3.73134
40.437,-3.73134
40.437,-3.73134
40.437,-3.73134
40.437,-3.73134
40.437,-3.73134
40.437,-3.73134
40.437,-3.73134
40.437,-3.73134
40.437,-3.73134
40.437,-3.73134
40.437,-3.73134
40.437,-3.73134
40.437,-3.73134
40.437,-3.73134
40.437,-3.73134
40.437,-3.73134
40.437,-3.73134
40.437,-3.73134
40.437,-3.73134
40.437,-3.73134
40.437,-3.73134
40.437,-3.73134
40.437,-3.73134
40.437,-3.73134
40.437,-3.73134
40.437,-3.73134
40.437,-3.73134
40.437,-3.73134
40.437,-3.73134
40.437,-3.73134
40.437,-3.73134
40.437,-3.73134
40.437,-3.73134
40.437,-3.73134
40.437,-3.73134
40.437,-3.73134
40.437,-3.73134
40.437,-3.73134
40.437,-3.73134
40.437,-3.73134
40.437,-3.73134
40.437,-3.73134
40.437,-3.73134
40.437,-3.73134
40.437,-3.73134
40.437,-3.73134
40.437,-3.73134
40.437,-3.73134
40.437,-3.73134
40.437,-3.73134
40.437,-3.73134
40.437,-3.73134
40.437,-3.73134
40.437,-3.73134
40.437,-3.73134
40.437,-3.73134
40.437,-3.73134
40.437,-3.73134
40.437,-3.73134
40.437,-3.73134
40.437,-3.73134
40.437,-3.73134
40.437,-3.73134
40.437,-3.73134
40.4372,-3.73137
40.4372,-3.73137
40.4372,-3.73137
40.4372,-3.73137
40.4372,-3.73137
40.4372,-3.73137
40.4372,-3.73138
40.4372,-3.73138
40.4372,-3.73137
40.4372,-3.73137
40.4372,-3.73137
40.4372,-3.73138
40.4372,-3.73138
40.4372,-3.73138
40.4372,-3.73138
40.4372,-3.73138
40.4372,-3.73138
40.4372,-3.73138
40.4372,-3.73138
40.4372,-3.73138
40.4373,-3.73138
40.4373,-3.73138
40.4373,-3.73139
40.4373,-3.73139
40.4373,-3.73139
40.4373,-3.73139
40.4373,-3.73139
40.4373,-3.73139
40.4373,-3.73139
40.4373,-3.73139
40.4373,-3.73139
40.4373,-3.73139
40.437,-3.7313
40.437,-3.7313
40.437,-3.7313
40.437,-3.7313
40.437,-3.7313
40.437,-3.7313
40.437,-3.7313
40.437,-3.7313
